0.026724923345618174
0.022876214148080554
0.026324478109433086
0.028575751446470368
0.031529315733193147
0.02617006467105195
0.029887578031094021
0.025478783345520284
0.029518460719106236
0.02374562776115248
0.025559448507784209
0.029382980799743566
0.029294101234173385
0.031173168501879206
0.03242615929288957
0.025070446646463476
0.026734507149662488
0.028419943317175317
0.035319802294065734
0.028510543441393529
0.029125328988303251
0.031837007934569665
0.028799355119999114
0.031111467797826996
0.028352793196420395
0.031848034065963163
0.025737323777703974
0.022854751207315831
0.023918122335411823
0.025928335233822535
0.028597972706848804
0.03064262065065183
0.024556397342412519
0.030819679563729999
0.027237876874883927
0.025302830789204818
0.026672138039611999
0.031654247376588458
0.030679241588373297
0.036790348540206436
0.024334048297995271
0.027974672233105517
0.033519999174551895
0.02702912440809279
0.036119463405159202
0.032733855228846441
0.031163250027285483
0.030686220825409106
0.029771578407341751
0.041738339097628967
0.04089777003009739
0.034260547846743164
0.049413793484161646
0.077148225967600972
0.086014791677521157
0.11287092217608984
0.1276551297846143
0.13375493305751771
0.1172613860201125
0.15792781000931863
0.155900504841058
0.22832810856426039
0.23148175595662951
0.17223785439772413
0.29946658960102446
0.19965168106018943
0.23479247904605649
0.23047926381921413
0.21092736702047551
0.24972607296540925
0.21260969922967934
0.28338769537011482
0.27998598446888417
0.35598846248299515
0.23025176431965816
0.29112794731598579
0.41032600729049551
0.32376333479784758
0.39427939804849566
0.40255274693330034
0.39153139981037127
0.47520398610264541
0.40652008308592696
0.42189959276454653
0.46956317917939794
0.38017331724072934
0.38649802418461932
0.36014666271769352
0.50595980919844341
0.53981428391272757
0.34852011849395942
0.38113210466537545
0.49686001260494667
0.47313360273718941
0.64141682214502782
0.51127451194685525
0.0
0.0
0.0
0.0
