3.4656536536536535
3.2964324324324323
3.2068608608608606
3.1205825825825824
3.1345345345345343
3.0495695695695697
3.0124424424424423
2.9554474474474475
2.8604064064064065
2.9556016016016016
2.960828828828829
2.8721421421421423
2.858878878878879
2.679753753753754
2.7166726726726727
2.749651651651652
2.763833833833834
2.771951951951952
2.6643463463463464
2.7444664664664664
2.6423303303303305
2.695065065065065
2.617131131131131
2.553237237237237
2.569259259259259
2.4816476476476477
2.462296296296296
2.497099099099099
2.4815955955955955
2.464918918918919
2.4554214214214216
2.3386506506506506
2.5046666666666666
2.2887307307307307
2.359219219219219
2.3694374374374374
2.416674674674675
2.299003003003003
2.392012012012012
2.282982982982983
2.3538778778778777
2.239757757757758
2.2681161161161163
2.3456136136136134
2.232068068068068
2.087009009009009
2.1817897897897898
2.0993153153153155
2.1529049049049047
