0.028580438190567083
0.018587218449848616
0.030689540740652946
0.02243705142189335
0.032064141410224067
0.025436053582826509
0.026411961800890869
0.025829543616711845
0.027438227742578768
0.023043234938888737
0.027691283324734757
0.027439201109832018
0.033662590438641712
0.02459803581464421
0.029628215755835817
0.030609016284426659
0.028606548154121725
0.027564486841130574
0.025086513110214089
0.023145458580730579
0.03372766614762019
0.029964558865208268
0.02661682459728016
0.023773768827388037
0.020719403750042331
0.027708637928060189
0.028020942000290091
0.02803046844656449
0.034410768492894074
0.026976908765967835
0.025206851724862964
0.045160539956500052
0.028289494895251906
0.026117472242467927
0.022431259130599918
0.030971119414573561
0.040603731535172966
0.032957697378974055
0.030715761848649412
0.031041328764071039
0.03108087960893861
0.037186180935255497
0.037315191825977985
0.035547749347933026
0.028639236274315343
0.027195892163216322
0.036343753653138688
0.029439921847558927
0.033586038155750737
0.027319749095466216
0.034134988259011838
0.029270685833277479
0.064786249644165517
0.069282948508622502
0.087845776453918098
0.11765712880886466
0.11999436605494798
0.11466796988507745
0.17199860392158578
0.14341960443464452
0.18375784965039019
0.1461846299560812
0.17094157410232402
0.15617912174035842
0.18500860379028097
0.22015301275623761
0.20239426739451777
0.18266990571276495
0.33545494545331095
0.27739098708613602
0.28759272661358948
0.2556402466589982
0.22195699570449834
0.29635299405932652
0.33187377600754076
0.30191209700126392
0.23157610653209004
0.35283816605682167
0.37651424491648677
0.35824507761604268
0.38715860921210915
0.3558237305383164
0.390170842750727
0.48685877041047582
0.53175030364903697
0.49014805083355278
0.30849169874012061
0.41484527013923156
0.54589381105580503
0.48450873315429976
0.51714208752261881
0.50711209207805275
0.43011658506597839
0.47384585217416003
0.47146101670840257
0.46310016323119141
0.0
0.0
0.0
0.0
