0.0
0.00111111111111
0.00222222222222
0.00333333333333
0.00444444444444
0.00555555555556
0.00666666666667
0.00777777777778
0.00888888888889
0.01
0.0111111111111
0.0122222222222
0.0133333333333
0.0144444444444
0.0155555555556
0.0166666666667
0.0177777777778
0.0188888888889
0.02
0.0211111111111
0.0222222222222
0.0233333333333
0.0244444444444
0.0255555555556
0.0266666666667
0.0277777777778
0.0288888888889
0.03
0.0311111111111
0.0322222222222
0.0333333333333
0.0344444444444
0.0355555555556
0.0366666666667
0.0377777777778
0.0388888888889
0.04
0.0411111111111
0.0422222222222
0.0433333333333
0.0444444444444
0.0455555555556
0.0466666666667
0.0477777777778
0.0488888888889
0.05
0.0511111111111
0.0522222222222
0.0533333333333
0.0544444444444
0.0555555555556
0.0566666666667
0.0577777777778
0.0588888888889
0.06
0.0611111111111
0.0622222222222
0.0633333333333
0.0644444444444
0.0655555555556
0.0666666666667
0.0677777777778
0.0688888888889
0.07
0.0711111111111
0.0722222222222
0.0733333333333
0.0744444444444
0.0755555555556
0.0766666666667
0.0777777777778
0.0788888888889
0.08
0.0811111111111
0.0822222222222
0.0833333333333
0.0844444444444
0.0855555555556
0.0866666666667
0.0877777777778
0.0888888888889
0.09
0.0911111111111
0.0922222222222
0.0933333333333
0.0944444444444
0.0955555555556
0.0966666666667
0.0977777777778
0.0988888888889
0.1
0.101111111111
0.102222222222
0.103333333333
0.104444444444
0.105555555556
0.106666666667
0.107777777778
0.108888888889
0.11
