-0.27608664041
-0.277457788497
-0.277698693654
-0.278848617915
-0.279732832393
-0.282103591741
-0.278662186464
-0.283202235616
-0.286524970279
-0.285873925021
-0.290804547518
-0.288194640133
-0.295485906904
-0.290938009844
-0.293564916284
-0.298022766357
-0.297785239594
-0.300974084617
-0.304406325442
-0.302892343012
-0.305454777448
-0.305206408587
-0.310844408252
-0.309355353487
-0.316335961288
-0.317237710571
-0.31688927777
-0.313075053173
-0.318925457621
-0.315455664438
-0.320750912337
-0.323701743374
-0.324712630285
-0.324323028296
-0.327163427015
-0.326403761904
-0.329575050108
-0.334434070796
-0.333711871213
-0.336225626628
-0.340361974637
-0.341955346202
-0.342295577555
-0.345236364173
-0.345826144025
-0.347969941678
-0.343805072524
-0.347272235043
-0.353526794716
-0.351095727318
-0.356400959551
-0.356580206288
-0.358439637946
-0.353970116756
-0.355007777034
-0.355788141697
-0.362629438911
-0.363513697736
-0.362541152435
-0.36393366081
-0.359551881673
-0.366310779802
-0.367343452244
-0.369665804661
-0.373600888054
-0.373949112441
-0.375681725606
-0.38212663434
-0.376488819725
-0.380496398247
-0.379806214016
-0.38625065203
-0.391441050552
-0.388442404065
-0.392982209946
-0.399925514581
-0.395522444104
-0.399394777765
-0.402478441111
-0.403417695907
-0.405255967695
-0.405673178297
-0.409287875913
-0.415648906819
-0.411447897369
-0.416903155291
-0.42436205556
-0.422301935801
-0.430789654991
-0.435667507256
-0.427558096327
-0.434766017032
-0.427510383575
-0.443145351817
-0.450694895127
-0.449216206647
-0.457099089285
-0.477277188187
-0.473004918272
-0.481352536838
