0.00687337217974
0.00742515144844
0.00740396043108
0.00772531837418
0.00751426438345
0.00753503809989
0.0074980325668
0.00816156202705
0.00796067818772
0.00845523789242
0.00822883549538
0.00851728794328
0.00823318036375
0.00848698898017
0.00870901284018
0.00884167003008
0.00873003565409
0.00905727512728
0.00909330247426
0.00962130042653
0.00952697616534
0.0094901603152
0.00962942205287
0.0101309828896
0.00990414934714
0.0104215040826
0.010678117264
0.0109208337304
0.010833852212
0.0108903833727
0.0108584309276
0.0115015853802
0.0115109085347
0.0123420025802
0.0124628031224
0.012875359782
0.0124422290733
0.012842224332
0.0134330941148
0.0135956916472
0.0141536977719
0.0135763988779
0.0136287401096
0.0145833431221
0.0148996840541
0.014940045889
0.0154320510457
0.0158255790604
0.0156798498583
0.0154845987397
0.0165188607606
0.0161221074161
0.0166585980073
0.0173996020803
0.0178693195849
0.0183071509932
0.0185048187204
0.0188605857785
0.0196530054609
0.019365280889
0.0201919532849
0.0201964367756
0.0205657457031
0.0210907546551
0.0212272915749
0.0225156350083
0.02382847124
0.023671152007
0.0252640018183
0.0264341969608
0.0272854849539
0.0280092224523
0.0294694744681
0.0307468777158
0.0310896432566
0.032883476033
0.0351573609909
0.0373979555611
0.0376543933205
0.0425274297029
0.0441747347167
0.0472068947471
0.0478336427481
0.0488611958819
0.052437181758
0.0527558896279
0.0539903595741
0.0559455706953
0.0585070540909
0.062907494057
0.0738336921165
0.0810164002841
0.0912929334658
0.105726160067
0.11754645617
0.128783249015
0.135380931301
0.182354080434
0.236123542063
0.308228955248
