0.5
1.0
1.5
2.0
2.5
3.0
3.5
4.0
4.5
5.0
5.5
6.0
6.5
7.0
7.5
8.0
8.5
9.0
9.5
10.0
10.5
11.0
11.5
12.0
12.5
13.0
13.5
14.0
14.5
15.0
15.5
16.0
16.5
17.0
17.5
18.0
18.5
19.0
19.5
20.0
20.6
21.1
21.6
22.1
22.6
23.1
23.6
24.1
24.6
25.1
25.6
26.3
27.0
27.7
28.3
28.9
29.5
30.1
30.9
31.7
32.4
32.9
33.4
34.3
35.0
35.6
36.3
37.0
37.8
38.6
39.2
39.8
40.6
41.5
42.3
43.0
43.8
44.7
46.0
46.8
47.6
48.5
49.8
50.9
52.2
53.0
54.3
55.3
56.2
57.3
58.5
59.4
60.6
61.8
63.2
64.6
65.6
66.9
68.2
69.4
70.5
71.8
72.9
74.2
75.4
76.7
78.1
79.3
80.4
81.8
83.3
84.6
86.4
88.0
89.9
91.4
93.1
94.9
96.5
98.1
99.6
101.3
103.0
104.9
106.3
107.9
109.4
111.2
112.7
113.8
115.3
117.1
118.9
120.8
122.5
124.3
125.5
127.3
128.3
130.3
131.8
133.6
135.4
137.2
139.1
141.5
143.4
145.2
147.3
149.1
152.0
154.6
157.0
159.4
161.2
163.6
166.1
168.0
170.0
173.2
175.8
178.5
181.5
183.6
185.8
189.0
191.4
193.8
196.4
198.8
200.8
202.8
205.1
207.7
211.4
214.2
217.0
219.6
222.2
225.2
227.7
230.6
233.3
235.8
238.2
240.7
243.6
246.7
249.4
252.8
255.9
259.2
262.6
265.8
269.2
272.4
275.3
278.2
281.4
285.8
288.9
291.9
294.5
297.7
301.0
303.4
306.8
309.5
313.3
317.6
320.6
323.8
326.7
329.7
332.8
335.2
338.3
342.1
345.6
349.3
352.9
356.2
358.9
362.9
366.1
369.1
372.9
376.5
379.7
382.5
386.2
390.5
394.1
397.9
401.2
404.4
409.1
413.2
416.9
421.8
426.5
431.9
437.3
442.3
450.0
456.1
460.5
467.7
476.5
484.1
492.3
499.9
510.1
517.1
523.7
532.9
541.1
550.7
563.3
574.2
583.6
594.2
603.6
615.2
627.6
640.8
654.8
671.3
683.3
698.2
709.6
725.8
736.4
752.0
766.4
781.8
796.6
817.2
835.0
849.1
866.8
887.2
906.5
918.0
933.0
950.9
967.3
984.4
1001.1
1021.9
1044.4
1063.0
1082.8
1099.9
1114.3
1141.6
1167.9
1191.5
1212.6
1233.1
1255.4
1273.8
1300.6
1327.4
1352.5
1381.6
1403.2
1426.8
1446.4
1482.6
1505.1
1544.4
1588.3
1626.2
1667.0
1718.0
1773.6
1824.3
1886.8
1954.3
2038.6
2128.6
2213.3
2332.5
2419.7
2533.3
2651.8
2758.5
2916.3
3075.7
3276.7
3467.2
3520.1
3670.2
3783.1
4066.2
4386.8
4580.1
4785.0
4947.8
5252.4
5660.1
6056.5
6606.1
7067.1
7519.4
7942.4
8517.5
9535.0
9988.7
