3.5370470470470416
3.5200360360360365
3.4331391391391399
3.5199579579579576
3.5063603603603561
3.5138498498498505
3.4999779779779807
3.5090170170170176
3.5249889889889992
3.4867047047047053
3.4769189189189142
3.5601161161161152
3.5612952952952983
3.5407287287287241
3.5091211211211197
3.4415715715715707
3.4911331331331286
3.5446566566566506
3.5025887611057924
3.5279259259259228
3.4866926926926918
3.5486146146146176
3.5168134065929699
3.5248888888888894
3.560686939444452
3.5195995995996023
3.4826850898995203
3.4870970970970969
3.414905851525567
3.550908908908911
3.4731826014391149
3.5050722064750173
3.4967683981768558
3.5100772114800178
3.4899377288935494
3.4375477682090945
3.4534514514514525
3.5259146922473552
3.5316320336400668
3.3915298063594688
3.5149004426112835
3.4895416458542714
3.4412886782364716
3.4541034019991947
3.4323962516733602
3.4507780873242755
3.4344586034726872
3.4458925726531358
3.361930478865963
3.4300034440879537
3.3923338661241886
3.4229480990044343
3.3665070693183119
3.2850774161258092
3.1697685588814588
3.0840335284779705
3.090766823161192
2.9453122477316009
3.0255466734339995
2.8917589621814961
2.8413767302656181
2.9131646737280534
2.8552726113209967
2.8837950854079901
2.8444861865914475
2.7597496893271538
2.6579514737409466
2.6615726837949043
2.5891741944373505
2.641509930983617
2.6105701661257199
2.6154028522449555
2.536611510295721
2.5903514850883265
2.4902579347023739
2.5964833520389141
2.5430268325005185
2.5325750852066635
2.5264148529868597
2.4083495259965857
2.4287086274915866
2.4144245871888184
2.4566798035357871
2.4496585835328237
2.3423565553382959
2.4106743660496139
2.4007922730032281
2.4228883354899589
2.3609808995987858
2.3314513700692601
2.2596783775645566
2.3024752394671122
2.3830944765904047
2.2799893389324275
2.4212566224761347
2.2221103217038181
1.9709730096695159
1.9709730096695159
1.9709730096695159
1.9709730096695159
